0.4338
0.4119
0.3905
0.3691
0.3481
0.3272
0.3055
0.2846
0.2631
0.2416
0.2192
0.1983
0.1766
0.1551
0.1351
0.1161
0.0981
0.0812
0.0666
0.0531
0.0410
0.0313
0.0231
0.0164
0.0114
0.0075
0.0049
0.0030
0.0017
9.4474e-04
4.8683e-04
2.4816e-04
1.2015e-04
6.4034e-05
3.7896e-05
2.8474e-05
2.4362e-05
2.3122e-05
2.2740e-05
2.2531e-05
2.2332e-05
2.2121e-05
2.1816e-05
2.1695e-05
2.1428e-05
2.1218e-05
2.1056e-05
2.0798e-05
2.0667e-05
2.0625e-05
2.0476e-05
2.0344e-05
2.0241e-05
2.0214e-05
2.0138e-05
1.9966e-05
1.9944e-05
1.9933e-05
1.9800e-05
1.9887e-05
1.9752e-05
1.9670e-05
1.9610e-05
1.9566e-05
1.9538e-05
1.9516e-05
1.9497e-05
1.9461e-05
1.9481e-05
1.9418e-05
1.9424e-05
1.9407e-05
1.9418e-05
1.9351e-05
1.9315e-05
1.9286e-05
1.9275e-05
1.9285e-05
1.9255e-05
1.9255e-05
1.9252e-05
1.9267e-05
1.9189e-05
1.9187e-05
1.9176e-05
1.9315e-05
1.9159e-05
1.9176e-05
1.9209e-05
1.9156e-05
1.9138e-05
1.9135e-05
1.9116e-05
1.9142e-05
1.9260e-05
1.9104e-05
1.9176e-05
1.9271e-05
0.006148202332973049
