9 4155.622568990171203
19 5193.618285863734855
40 8702.285108205638608
85 10867.656052522668688
180 10722.558974114808734
378 11466.062816146051773
794 11711.854287445614318
1667 6056.260174376440773
3502 6048.697557790098472
7355 6079.853984328789920
15447 6072.269537878891242
32439 4080.848622628652265
68122 1612.825752457982162
143056 1611.068751112581594
300419 1611.089271724287300
630880 1605.804349365285361
1324849 1333.188177587673408
2782184 1010.324889019605394
5842587 907.753244385307767
12269432 862.870098396331173
25765808 843.908098138772061
54108198 835.181741266711470
113627216 830.515721504229191
